[#..#.#.#.] (1,3) (1,8) (0,6,7,8) (0,2,3,7,8) (1,2,4,5,6) (0,2,3,5,6,7,8) (1,2,3,5,6,7,8) {41,41,44,60,4,28,36,48,58}
[#.#.#.] (2,4) (0,4) (1,2,3,5) (0,1,3,4,5) {14,22,181,22,183,22}
[..##...#.] (0,1,2,3,4) (2,3,4,5,6,8) (0,2,3,6,7) (1,2,3,4,5,7,8) (0,3,4,8) (1,2,3,4,5,6,8) (0,4,5,6,7,8) (0,1,3,6,8) (1,3,5,6,7) (0,3,5,7) {78,66,64,114,75,62,62,62,70}
[###.#.#.] (3,4) (2) (0,1,2,7) (0,3,6) (0,3,6,7) (1,2,3,7) (1,2,3,5,6,7) (0,2,3,4,5,7) {44,30,65,68,35,30,25,56}
[.#.#] (1,2) (2,3) (1,2,3) (0,2,3) {13,20,46,42}
[#####...##] (0,1,2,3,4,5,6,7,8) (3,4,6,7,8,9) (2,3,6,9) (0,4,5,7) (0,1,3,4,7,8,9) (0,6,8) (0,2,3,5,7,9) (1,2,3,5,6,7) (0,2,3,4,5,6,8,9) (0,2,3,5,6,7,8) (0,1,5,8) {95,54,85,114,69,86,92,86,90,78}
[.###..#.] (0,1,3,5,6,7) (1,2,3,6) (0,1,3,5,7) (0,2,4,5,6) (1,2,4,6) (3) (0,1,5) (0,1,3,6,7) (0,4,5) (3,4,5,7) {73,67,28,73,33,64,53,41}
[#...#.#.#] (1,4) (0,1,4,5,7,8) (1,2,3,4,6,7,8) (2,4) (5,8) (0,1,2,6,7,8) (0,1,4,7,8) (1,2,3,5,6,8) {30,54,42,24,47,24,34,49,68}
[#...#] (1,2,4) (1,2,3) (2,3,4) (0,1,3,4) (0,1,4) {15,23,15,23,27}
[.#.#.#.#.#] (0,1,2,4,5,9) (2,3,4,5,7,8,9) (0,2,3,8,9) (2,3,4,5,8,9) (0,3,4,6,7,8) (0,1,2,4,5,7,8,9) (1,3,5,7,9) (1,4,6,8,9) (0,1,2,3,4,5,6,9) (0,2,3,4,5,6,7,9) (0,2,9) {96,67,99,75,93,72,52,40,68,123}
[...##..###] (0,5,7) (3,4) (4,7,8) (0,2,3,5,6,8,9) (3,9) (1,3,5,6,7) (0,1,3,4,5,6,7,8,9) (0,1,2,4,6,7,8) (0,1,2,4,5,6) (0,2,3,4,5) (2,3,4,5,6,7,8,9) {78,40,66,71,89,77,65,81,74,52}
[..####.###] (0,1,2,3,4,6,8,9) (2) (0,8,9) (2,3,5,7) (0,1,3,6,8) (0,1,3,4,5,6,8,9) (0,2,3,4,6,7) (0,1,2,4,5,6,7,9) {56,19,57,50,27,13,38,31,37,26}
[#.#.#..] (0,1,2,4,5,6) (1,2,4,5,6) (3,4,5) (1,2,5,6) (0,1) (0,3,6) (0,4,5) {34,37,18,18,29,34,21}
[.###] (0,2) (0,1,2,3) (1,2,3) {12,23,25,23}
[##....###] (1,2,4,6) (0,3,4,6,7,8) (1,3,5,8) (1,4,5) (0,2,4,5,6,8) (0,4,5,8) (0,3,8) (2) (2,6,7,8) {23,40,32,16,53,38,33,12,38}
[#.#.] (0,2) (1,3) (3) (0,1,2) (1,2) (2,3) {30,151,174,27}
[##.####] (0,2,5,6) (0,1,2,3,4,5) (1,3,6) (0,2,4,6) (2,4,5) (0,1,5,6) (3,4,5) {21,15,22,27,39,32,23}
[.#.#] (0,1,3) (1,3) (2,3) {12,32,2,34}
[###.] (0,1) (0,1,2) (1,3) (0,3) {32,34,15,30}
[##.#####..] (0,1,2,4,5,6,8,9) (1,7,8,9) (0,1,2,4,6,7,9) (1,3,5,7,9) (1,3,4,5,7,8,9) (0,2,3,4,5,6,8,9) (1,2,4,7,8) (2,3,4,6,9) (1,3,4,5,6,7,8,9) (0,5,7,9) (2,8) (0,2,3,6,8,9) {34,73,71,66,57,49,56,73,90,87}
[.##..#..] (1,2,5,6,7) (6,7) (1,2,3,4,5,6) (0,1,2,5,7) (1,2,5,7) (4,7) (1,2,4,6) {19,34,34,0,15,29,17,43}
[####.] (3,4) (1,2) (0) (0,3) (1,4) (1,2,3) (1,2,4) {19,191,177,46,42}
[..#..] (0,1,2,4) (3,4) (0,4) (1,3,4) (0,2,4) {20,150,19,161,181}
[....###..] (0,2,6,7) (1,2,3,4,5,8) (0,3,4,5,7,8) (0,3,4,6,7,8) (1,4,5) (2,8) (0,1,3,4,6,8) {46,53,34,52,67,37,44,28,52}
[.###.] (0,3) (0,2,4) (2,3,4) (0,1,2) (0) (1,2,3) {50,18,45,42,27}
[.##.#..] (1,2,6) (4,6) (0,5) (0,1,3,4) (2,3,5) {8,20,37,23,10,25,24}
[##..] (2) (3) (2,3) (0) (0,2) (0,1,3) {46,12,52,33}
[...####...] (1,2,3,5,7,8,9) (0,3,6,7,8,9) (0,1,5,6,7) (0,2,4,7,8,9) (0,3,4,5,6,7,8,9) (0,1,3,8,9) (0,1,3,5,6,7) (1,4,6,7,8,9) (0,1,3,5,6,7,8) (0,1,3,5) (0,1,3,6) (0,1,2,3,4,7,8) {235,80,21,226,40,69,228,244,225,213}
[#.####] (0,2,3,4,5) (0,2,5) (0,1,4,5) (0,3,4) (3,5) (3) (1,2) (0,1,3,4) {56,32,20,35,43,45}
[..##.#.] (0,1,2,3) (1,2,3,4,6) (3,6) (2,3,4,6) (0,1,2,3,4) (0) (1,2,3,5) (0,1,4,6) (4,5) {51,54,45,56,55,16,52}
[#..#..##] (0,4,5,7) (0,1,2,4,7) (2,3,4,5,6,7) (0,7) (3,4,6) (5,7) (0,2,3,5,6,7) (0,1,3,4) (0,2,5,6,7) {76,19,30,207,213,42,205,61}
[####.] (0) (1,2) (4) (0,2,3) (2,3,4) (0,3) (1,3) {34,22,38,33,19}
[.##.] (0,1) (1,3) (1,2) (2,3) {2,26,24,26}
[#.#.] (0,1,3) (0,2) {17,3,14,3}
[.#..] (0,1) (0,2) (1,3) (2,3) (0,2,3) (2) {42,20,55,28}
[##.....#] (4,5) (2,3,5,7) (1,3,4) (0,1,2,3,6,7) (0,2,6) (0,3,4,5,7) (0,5) (3,6) {37,30,35,80,48,54,36,42}
[#.#.#...##] (0,1,3,4,7,8,9) (0,1,6) (1,2,3,4,5,6,7,9) (1,8,9) (3,5,6,7) (0,2,3,5,6,7,8,9) (1,2,4,5) (0,1,2,3,4,5,6,7) {31,185,165,32,174,171,27,32,20,23}
[.#...##.] (3,4) (2,7) (1,2,3,4,5,6) (1,3,4,5) (1,5,7) (0,1,2,5,6) (0,1,4,5,6,7) (0,1,2,3,4,5,7) (0,1,2,3,4,6) (0,2,5,7) {50,61,51,60,72,52,37,38}
[.####.....] (1,3,4,5,6,7,8,9) (0,1,2,3,5,7,9) (0,1,3,4,5,6,9) (0,1,2,4,5,6,7,9) (6,7,9) (4,6,7) (2,7,8) (3,4,6,8,9) (0,1,2,3,4,6) {38,51,37,70,68,44,77,62,50,72}
[.#.##] (0,2) (1,3,4) (0,3,4) {27,16,20,23,23}
[...#.#.] (0,1,2) (1,4) (3,5) (1,3,6) (2,3) (0,1,2,3,5) (0,1,3,5,6) {50,64,44,49,9,36,19}
[###.###.##] (0,7) (1,2) (0,1,2,3,5,7,8,9) (0,3) (0,1,2,4,5,6,8,9) (1,3,4,5,6,7,8) (0,2,3,5,9) (1,3,6,7,8) {46,192,37,185,168,189,169,194,182,27}
[....##.] (1,2,3) (0,6) (1,4) (0,1,4) (1,2,3,4,5) (3,4,5) {29,53,24,24,37,8,13}
[..##.] (1) (2,3,4) (0,2,4) (1,2,3) (0,3,4) (2) (1,2,4) {26,27,42,34,39}
[.##.##] (0,1,2) (0,1,2,4) (3,4,5) (0,1,2,3,4) (0,1) (2) (3) (1,3,5) {40,60,41,60,34,31}
[..#..#.] (0,2,3,4) (4) (0,1,2) (4,6) (0,2,3,6) (0,2,3,4,5) (1,2,3,4) (1,2,3,5,6) (1,3,5) {60,23,63,47,54,20,32}
[.##..] (0,1,3,4) (0,3,4) (1,4) (0,1,2,3) {30,38,16,30,25}
[##.#..##.#] (1,3,4,5,6,7,8) (0,5,6,7,9) (0,6,7,9) (1,3,4,6,7,8,9) (1,2,3,5,6,8,9) (0,1,2,3,4,7,8,9) (2,5,7) (0,1,2,3,4,5,8,9) (0,1,2,3,4,5,6) (6,8) {49,43,40,43,42,30,61,64,60,61}
[#..#.] (0,3) (0,4) (1,2,4) (0,1,2) {37,39,39,7,31}
[#.##] (2,3) (1,2) (0,1) (0,1,2) (0) {23,13,24,12}
[..###] (0,1,3) (1,4) (0,2,3) (0,3,4) (1,2,3) {23,26,4,27,17}
[.##.] (0,1) (0,1,3) (1) (2) (0,3) {14,157,2,14}
[#.##..###.] (3,4,5,8) (0,5,8) (2,3,5,6,7) (1,2,3,4,5,8,9) (1,2,5,6,7,9) (3,5,6,7,8,9) (1,3,4,5,6,9) (0,1,2,5,8,9) {21,19,11,32,25,58,23,12,39,23}
[.#.....##.] (4,7) (1,2,3,4,5,6,7) (0,1,2,5,6,7,9) (0,2,3,4,5,6,7) (2,3,6,7) (4,5,6,7,8) (2,9) (0,5) (5,7) (0,2,3,4,5,6,9) (0,1,5,7,8) (1,3,4,5,7) {178,48,176,175,198,219,189,228,35,17}
[..###] (1,2,3,4) (0,1,2,4) (2,3,4) (3) {4,13,31,40,31}
[....####.] (0,1,2,3,4,5,7) (0,1,2) (0,1,3,4,7) (0,2,3,5,7,8) (0,2,3,6,8) (0,1,2,3,5,7,8) (0,1,2,4) (4,5) (1,2,6,7,8) {44,42,50,28,12,21,13,33,26}
[.###.] (0,3,4) (2,4) (0,2,3) (2) (1,2,4) (1,3) {22,2,35,22,36}
[##.#..###] (1,7) (0,1,3,5,6,7,8) (1,2,3,4,7,8) (2,4,5,7,8) (1,5,6) (0,2,6) (1,4,6) (0,1,3,4,8) (3,4,5,6,7) {33,51,19,52,52,22,33,38,40}
[.#..#] (0,2,4) (1,2,3) (0,1,3,4) (2,3,4) (0,1,2) {35,28,34,37,44}
[.#.#.] (0,1,4) (1,4) (0,2) (3,4) {21,20,2,13,33}
[#.###..#] (0,1,2,3,5,7) (0,5,7) (3,4,5,6,7) (0) (1,2) (0,3,4,5,7) (0,1,3,5,6) (0,1,5,7) (1,3,4,7) (0,2) {68,44,27,39,32,49,5,64}
[#.##.#] (3,4) (2,5) (3,5) (0,2,4,5) (0,3,4,5) (0,4) (0,1,4,5) {32,12,8,34,46,40}
[##.######] (0,1,3,4,5,6,7,8) (0,3,4) (0,5,7,8) (2,4,8) (1,2,4,5,6,7) (0,1,2,3,4,6,7) (1,8) (2,5,6,7) {28,16,24,13,34,22,10,25,39}
[###.#.] (1,2,4,5) (0,3,4) (3,4,5) (1,2,3) {13,33,33,33,32,19}
[##.##] (1,4) (0,1,3,4) (1,2) {8,29,20,8,9}
[.####...##] (1,2,3,4,5,6,7,8,9) (0,3,4,5,6) (0,1,2,3,5,6,7,8) (0,1,2,3,5,8,9) (0,2,3,4,5,7) (1,2,6) (6,8) (4) (0,3,8,9) {57,48,63,59,42,54,46,24,42,27}
[###.] (1,2,3) (0,1,2) {3,18,18,15}
[..###.] (0,1,2,4,5) (1,2,4,5) (0,2,3,5) (0,2,3,4) (1,2,3) (4) (1,4) (2,3,4,5) {38,41,83,63,76,59}
[....##..#.] (0,1,2,3,8,9) (0,3,5) (0,1,2,3,4,5,9) (3,4,8) (0,1,2,3,4,5,7,9) (1,2,6,8,9) (0,5,7) (1,2,3,4,5,6,7,8,9) (0,3) (1,3,4,6,7) (0,1,3,4,5,6,7,8) (9) (4,7) {77,78,61,112,95,80,49,89,67,81}
[.#.#] (1,3) (0,1,2) {4,9,4,5}
[####] (1,2) (3) (0,3) (2,3) (1,3) (0,1) {176,22,26,189}
[.#.#] (1,3) (0,1,2) {6,25,6,19}
[#...#.] (0,3,4,5) (0,2,3) (1,4) (0,1,3,4,5) (1) (0,1,5) (0,2,3,5) (0,1,2) {61,27,38,49,19,37}
[##...#] (2,4,5) (2,5) (0,3,5) (2,3) (0,2,3,4) (0,1,2,4) {33,1,179,42,156,164}
[##..#] (1,3,4) (0,2,4) (3,4) (2,3) (0,1,3,4) (0,2) {178,24,162,32,31}
[..#..#...] (2) (0,1,4,6,7) (0,1,8) (1,2,4) (0,3,4,5,8) (0,3,5,6) (2,5) (0,1,4,5,6,7,8) (4) (0,6) (6,8) {65,63,24,12,60,28,232,28,217}
[..###..###] (1,2,6,7) (0,3,4,5,7,9) (3,4,9) (0,2,3,6,7,8,9) (0,1,3,5,8,9) (0,1,2,6,7,8,9) (2,5,6) (1,3,5,8,9) (2,8) (1,3,6,7,9) {137,168,46,161,11,167,39,32,159,163}
[##..##.] (0,1,2,4,5) (2,6) (0,2,3,4) (0,1,2,3,4) (1,2,5,6) (2) (0,3,4) (0,1,2,3,4,5) {44,31,47,40,44,24,13}
[###.] (0,1,2) (1,2) (0) (2) (3) {32,18,31,3}
[..#..##..] (2,8) (0,2,3) (0) (4,5) (1,6,7) (1,3,5,7) (1,5) (0,4) (1,2,3,6,7,8) (2,5,6,8) {29,223,33,220,17,211,30,217,17}
[#...###.] (2,3,4,5,7) (1,2,7) (0,1,2,4,5,6,7) (1,5) (3,4,5,6) (0,1,2,3,5,7) {4,31,28,13,15,26,8,28}
[...#] (1,2,3) (1,2) (0,2,3) (0) (2) {11,18,25,19}
[##.#.#] (0,2,3,4) (3,4,5) (0,1,2,3) (2,3,5) (1,2) (0,3,4,5) {20,15,32,50,39,44}
[###.###] (1,2,4) (2,3,6) (0,2,5,6) (0,1,2,4,5,6) (1,3,6) {178,190,186,6,185,178,184}
[.##.##] (1,2,4,5) (3,4) (0,1,4) (0,2,4,5) (1,3,4,5) (0,4) (0,1,3,4,5) {33,13,18,13,44,22}
[#.##.###..] (2,4,5) (1,2) (0,1,2,3,4,5,6,9) (2,3) (0,2,3,5,6,7) (4,7,8) (2,3,5,6,7,8,9) (4,9) (0,2,3,4,5,6,7,8) (0,1,2,3,4,5,7,9) (0,5,8) (1) (3,7,9) {50,34,64,72,58,64,39,68,52,46}
[..##...##.] (0,3,4,5,7,9) (1,4) (4,6,8) (0,1,4,5,6,7,9) (0,2,5,6,7,8) (7,8) (3,7,9) (0,1,4,6,8) (2,6,7,9) (0,1,2,4,7,8) {63,52,27,31,80,31,57,71,48,54}
[#.##..#] (0,3) (0,1,2,4) (0,1,5) (0,1,4,6) (0,2,6) (4,5) (3,4,6) (2,5,6) (0,1,5,6) {52,36,16,26,56,25,40}
[..#.##.] (0,1,3,4,5) (0,5,6) (1,2,3,5,6) (2,4,5,6) (0,1,2,3,6) (1,2,4,6) {30,57,48,45,23,36,53}
[#..##.#.] (1,3,7) (4,5,6) (1,2,3,4,5,7) (2,4,5) (2,3,4,7) (0,3,4,6) {11,21,30,47,43,17,13,36}
[#.#..#] (1,2) (0,2,5) (1,3) (0,1,3) (0,1,2,4) {41,60,42,32,14,14}
[#.###.#.##] (0,3,4,5,6,7,9) (0,2,3,4,6) (0,1,2,4,6,7,9) (3,5,6,7) (1,3,5,6,8,9) (1,2,3,4,5,9) (0,7) (0,1,3,5,6,8) (2,3,4,5,6,7) (1,2) (0) (5) (1,6) {63,53,26,70,38,72,87,44,28,37}
[.#.#..] (2) (3,5) (0,1,2,4,5) (1,3,5) (0,1) (3,4,5) (0,3,4) {23,31,21,45,37,53}
[####...#..] (0,1,2,3,4,5,6,9) (0,1,3,4,5,6,8,9) (0,2,3,5,6,7) (1,3,4,5) (8,9) (0,2,4,9) (1,4,6) (2,5,9) (0,1,3,6,8,9) {82,75,56,81,78,66,75,19,46,83}
[#...####] (2,5,7) (0,1,3,4,6,7) (0,1,3,4,6) (1,5) (3,6,7) (0,3) (0,1,2,6) (1,2,4,5,7) {20,44,49,21,14,41,40,51}
[.....##.] (0,1,3,4,7) (1,2,3,5,6,7) (1,5,6,7) (3,5,6,7) (0,4,5,7) (2,5) (0,2,4,6,7) {203,34,46,47,203,227,62,246}
[###.###] (1,4,6) (0,1,2,3,6) (3,6) (0,2,3,5,6) (1,2) {20,37,25,29,19,7,48}
[.####.] (1,2) (1,2,3,4) (1,3,4,5) (0,3,4) (0,1,5) {194,61,31,215,215,30}
[####] (0,2) (1) (2) (0,1) (1,3) {191,191,6,2}
[#..###] (0,1,2,5) (0,1,4,5) (0,1,2,3) (0,1,2,4) (0,2,3,4) {51,41,41,26,21,24}
[#..#.#] (0,1,2,3) (1,2,3,4,5) (1,2,5) (0,1,3,4,5) {29,45,32,44,28,29}
[######] (0,1,3,4,5) (2) (0,3,5) (0,3,4) {3,2,105,3,2,3}
[#.##.#.###] (1,8) (0,1,2,4,5,9) (0,1,3,5,6,7,8,9) (0,1,2,5,6,7,9) (0,1,2,3,5,7,8,9) (1,6,9) (3,5) (0,2,3,4,6,7,8) (0,2,3,5,6) (2,6,7,8) (0,3,4,5,6,7,8,9) (2,3) {225,50,244,229,37,216,213,53,58,45}
[.###..#] (1,2,6) (1,2,3,4,6) (0,1,2,3,4,5,6) (2,3,6) (1,2,3,6) {10,52,69,51,25,10,69}
[######.#] (0,1,2,3,5,7) (0,2,3,5,7) (1,5) (1,4) (1,2,4,5,6) (0,1,3,4,6,7) (0,2,3,4,5) (6) (0,2,3,4,6,7) {61,56,56,61,70,55,60,44}
[.....#.#] (1,2,3,5,7) (1,2,4,5,6,7) (2,3,4,5,6,7) (0,1,4,5,6,7) (0,1,2,4,5,6,7) (0,2,3,7) {9,31,59,45,34,51,34,59}
[...##..#] (0,2,3,5,6,7) (4,7) (0,1,2,4,5,7) (2,4,6) (0,1,2,3,4,5,6) (3,4,7) (0,4,5,6) (1,2) {67,38,56,41,91,67,53,62}
[...##] (1,3) (2) (0,1,3) (1,4) (1,3,4) {9,54,19,44,25}
[..#.##] (0,1,3,4,5) (0,1,2,4) (1,2,3,5) (0,1,3) (0,1,2,3,4) (0,2,4,5) {67,59,40,47,59,30}
[#####.#] (0,1,2,4,5) (1,3) (0,3,4) (1,2,4,5,6) (0,2) (0,1,2,3,4,5) (1,3,4,5,6) (0,2,4,5,6) {47,19,37,24,48,37,30}
[##.##.] (0,3) (0,1,3,4) (1,2,3,5) (4,5) (0,1,2,3) (0,1) {129,138,21,134,128,26}
[####.] (2,3) (0,1) (0,1,2) (1,2,3,4) (2) (0,1,2,3) (0,2,3,4) {153,154,157,26,1}
[...##.] (0,1) (0,2,3,4) (0,3,5) (0,1,2,3) (1,2,4,5) (0,3,4,5) (0,1,4) (1,3) {193,49,186,184,176,10}
[...####.] (1,3,4,5,7) (0,2,4,6) (2,3) (1,3,4,6,7) (0,3,4,5,6,7) (0,2,3,4,5) (0,2,3,4,5,7) (3,4) (2,3,4,5,6,7) (1,3) {57,42,53,110,105,62,61,64}
[.#.#..#] (3,6) (0,1,2,3,4,6) (1,4) (4,5,6) (2,4) (0,1,2,3) (0,3,5) (0,1,3,4,5) (4) {38,34,31,39,49,29,16}
[.##....] (1,4,5) (0,2,6) (1,2,3,5,6) (1,2,3,4,5) (0,2,3,4,5,6) (1,5) {13,36,33,20,5,36,31}
[..#..###.] (1,2,3,4,5,6,8) (0,2,3,6,7,8) (0,2,3,5,6) (0,1,3,4,5,7,8) (1,2,3,5,6,7) (2,4,5,7,8) (3,4,6,7,8) (2,3,4,6,7,8) (1,4) (3,4,5,7,8) {14,26,31,56,55,37,33,42,55}
[...##...#] (6,8) (0,3,4,7) (1,2,4,5,6,7) (3,4,5,7,8) (0,1,2,3,4,5,8) (5,6,7,8) (0,3,4,5) {44,39,39,60,80,78,32,54,47}
[.#.#....] (1,3,5,6,7) (1,2,3,5,6) (0,1,3,4,6,7) (1,2,4,5,6) (3,4,5,6,7) (0,2,5,6,7) {23,46,33,57,32,58,71,48}
[#..#] (3) (0,1,3) (1,2,3) (0,2,3) (0,3) {213,17,11,217}
[...#....] (0,1) (0,1,2,3,4,6) (0,1,2,3,5,6,7) (1,2,3,4,6) (0,2,5,6) (0,6) (2,3,6,7) (1,2,3,4,7) (0,2,4,5,7) {168,47,83,57,37,39,178,38}
[#.##.###.] (0,5,6) (0,2,3,4) (0,3,4,5,6,7,8) (0,4,5,6,7,8) (0,1,3,7) (0,1,3,5,6,7,8) (2,3,4,7,8) (1,3,4,5,6,7,8) {57,12,19,43,32,41,41,27,26}
[.#...#.] (1,3,4,5,6) (0,1,2,3,4,5) (0,2,6) (1,3,6) (0,3) (0,4,5,6) (0,1,2,4,5) (3,5,6) {52,40,38,54,33,52,52}
[#..#..#.#] (0,1,5,8) (0,3,4,5,6,7) (0,1,3,4,6,7,8) (0,5) (5,7) (0,1,2,4,6,8) (0,2,3,5,8) (0,1,2,3,4,7,8) (2,4,6,8) (1,2,4,5,6,7,8) (0,2,3,4,5,6,7,8) {74,24,44,68,57,56,50,55,60}
[#.#.] (0,3) (0,1,3) (2,3) (0) (1,2) (1,3) {16,32,26,35}
[#..#....] (1,4,5,7) (0,1,2,3,4,6) (3,4,5,6,7) (0,1,4,7) (0,3,4,5) (0,2,3,4,5,6) (1,2,4,7) (0,3) (5,6) (2,3,4,5,6,7) {67,34,28,72,75,48,42,36}
[.###] (0,3) (0,2,3) (0,1,2) {38,15,18,23}
[....##.#.] (0,1,2,3,7,8) (0,4,6,7,8) (1,3) (0,6,8) (1,2,3,8) (0,1,7) (0,3,4,6,7,8) (0,3,4,6,8) (0,1,3,5) (5,7) {201,51,9,162,147,24,164,171,173}
[#.#.###] (0,1,2,3) (1,2,3,4,5) (2,4,5) (2,3,4,5) (1,4) (0,1,3,5,6) (5,6) {23,52,46,52,48,60,22}
[#.#.] (0,2) (0,1,2,3) {13,11,13,11}
[..#.#.#..#] (0,2,4,6,7,8,9) (0,1,2,6,7,8,9) (1,2,6,7,8) (2,4,6,9) (1,2,4,6,7) (0,1,2,4,5,6,7,8) (0,4,6,8) (3,4,5,6) (3,6,7) {13,15,36,21,53,22,60,22,17,23}
[...##.#] (3,4,5) (1,5) (0,2,5,6) (4) (0,3,4) (1,2,5,6) (0,1,4) (0,1,2,4,5) {47,49,24,20,53,51,7}
[.#.#.#] (1,2,3,5) (1,2) (0,1) (3,4,5) (0,4) (0,1,2,4,5) (0,3,4,5) {53,51,35,55,53,66}
[#.#..#....] (2,6,9) (1,3,5,7,8,9) (0,1,3,4,5,6,8) (0,1,2,4,7) (0,5,6,7,9) (0,8,9) (3,5,7,9) (0,3,5,7,9) (4,7,8) (0,1,2,4,5) (1,6) (0,2,3,5,6,8) (0,2,5,6,7) {56,47,154,35,35,61,138,76,26,134}
[###......#] (0,2,4,5,6,7,8,9) (5,7) (0,3,4,7) (4,5) (0,3,4,7,9) (2,5) (4,9) (1,3,5,8) (0,1,3,9) (0,5,6,7,8,9) (0,3) (0,1,2,6,9) (1,3,6,7,8,9) {42,26,20,54,57,38,17,48,19,61}
[.####] (1,2,3,4) (2,3) (0,3) {4,15,28,32,15}
[##....#.] (0,1,3,5,6) (1,3,4,6) (6) (6,7) (0,5,7) (0,1,3,4,5) (2,4,6,7) (1,2,3,4,5,6,7) (2,3,6,7) (0,1,2,4,5,6) {47,43,40,33,45,60,55,48}
[..#.#.#.#] (0,1,5,6,7,8) (2,3,4,7,8) (0,1,4,8) (3,5,6,8) (2,8) (0,1,3,4,5,7,8) (0,1,2,3,4,6,7) {29,29,156,30,37,8,14,30,157}
[...#..#.#.] (1,4,5,7,8) (0,1,3,6) (0,1,2,4,9) (0,2,7) (0,1,2,4,5,7,8) (0,1,2,3,4,5,6,7,8) (0,1,2,3,4,5,8,9) (3,7,8,9) (1,3,5,7,9) (1,4,5,6,8,9) {53,68,42,49,41,43,24,53,36,47}
[#.######] (0,1,6,7) (2,4,5,6,7) (6,7) (0,2,4,5,7) (0,3,4,5,6,7) (1,3,4,6) (1,2,3,4,6) (2,4,5,7) {20,21,19,17,34,25,55,49}
[..##...##] (2,7) (5,6) (1,4,6,8) (0,2,5,7,8) (1,5,7) (0,1,2,3,4,6,8) (0,3,4,5,7,8) (4,6) (0,1,3,4,5,7,8) {27,41,21,26,57,37,61,27,42}
[#....#..##] (0,5,6,7) (0,2,3,5,8,9) (0,1,2,3,4,5,7,8,9) (0,1,4,5,6,7,8,9) (0,3,5,6,7,8,9) (1,9) (1,4,5,6,9) (1,3,4) (4,5,9) (1,4,8) (4,5,8) (0,1,6,7,9) {91,100,22,45,98,122,88,87,88,118}
[.#..] (2,3) (1,2,3) (0,3) (3) (1,3) (2) {7,21,28,57}
[###.] (0,1,3) (1,2,3) (2,3) {2,13,15,17}
[.##.#..] (0,3,5,6) (1,4,6) (1,2,4,5) (0,2,3,5) (1,3,4,6) {7,40,24,16,40,25,23}
[##...] (0,1,2,3) (0,3,4) (1,3,4) {18,28,9,37,28}
[......#.#] (0,1,2,3,8) (1,3,4,6,7,8) (0,1,2,3,5,7,8) (0,1,2,3,5,6,7) (2,5,7) (1,2,4) (1,2,4,6,8) {190,208,205,194,18,171,169,175,37}
[#.#.#.] (0,3) (1,2,3,4,5) (0,2,4) (1,2,3,5) {5,18,18,23,7,18}
[##.#.#..##] (0,3,4,5,6) (3,4) (0,5,6,8,9) (6,9) (3,7,8,9) (1,5,6,8) (0,2,3,5,6,8,9) (1,2,3,4,9) (0,3,6,8,9) (0,2,3,4,5,8) (2,5,8) {41,32,19,60,34,48,55,15,67,59}
[.#....#...] (2,3,7,8,9) (0,1,2,5,6) (0,5,9) (0,2,3,4,7,8,9) (4,5,8) (3,4,6,7) (6) (1,6) (1,2,4,8) {18,19,27,11,28,29,21,11,32,12}
[#.#.#.#.] (2,4,7) (6,7) (1,2,6,7) (2,5,7) (0,2,3,7) (2,4,6) (5,7) (0,2,3,5,6,7) (0,1,2,4,6) {37,9,49,29,11,34,49,63}
[###...] (3,4) (1,2,3,4) (0,1,2) (0,1,5) (2,5) {20,30,138,27,27,112}
[...####..#] (1,3,4,5,6,7,8,9) (5,9) (1,6) (2,4,8,9) (1,2,5,6,7) (0,1,3,4,5,6,7,9) (1,2,3,4,5,6,8,9) (1,4,5,6,7) (8,9) (0,1,4,7) (3,7,8) {28,72,43,63,79,62,63,59,77,89}
[..#.#.#.##] (0,1,5,6,8,9) (3,4) (0,1,2,3,5,6,8) (1,3,4,5,6,8,9) (1,5,8,9) (0,6) (2,3,5,6,8,9) (0,1,3,4,5,6,7,9) (1,2,3,4,7) (1,3,4,7,9) {22,49,21,48,31,38,32,18,38,42}
[.#..] (1,2) (1,2,3) (0,2) (1,3) {6,30,27,14}
[........#] (0,1,2,3,4,5,8) (1,2) (0,8) (0,4,7) (1,2,3,4,5,8) (1,3,5,6) (0,4,5,6,7) (1,3) (0,1,2,3,5) (1,2,4,6,7) (4,6,8) {26,61,43,42,41,53,31,17,30}
[##.#..#] (0,2,4,6) (0,2) (1,6) (2,4,5,6) (0,2,3,4,5) (0,2,3,5) {19,12,36,14,22,31,33}
[..##.#...] (1,5) (1,3,7) (0,1,2,3,4,5) (0,1,2,3,6) (0,2,3,4,5,6,7) (0,1,3,4,6) (0,1,2,4,7) (0,2,3,6,7,8) (1,4) (1,2,3,5,6,7,8) (3,4,5,8) {59,78,50,84,67,55,46,54,28}
[...#.##..#] (1,3,8) (0,1,2,6,7) (3,4,7,8) (1,2,3,5,6,7,8,9) (2,4,5,6) (0,5,7,8) (2,3,5,7,8,9) (0,4,5,6,7,8,9) (0,3,7) (0,1,4,5) (0,1,3,4,6,7,9) (2,3,8) {64,192,50,245,41,63,38,88,252,43}
[.###..#] (3,5) (2,5) (0,1,3,4,6) (0,1,2,3,5,6) (0,4,5) (1,3,4,5,6) {40,34,15,50,42,53,34}
[.....###] (1,2,4,5) (1,2,3,5,6,7) (2,4) (0,2,4,5,6,7) (2,4,5,7) (0,1,3,4,6) {15,10,17,8,23,14,16,12}
[.####...#] (2,6,8) (0,1,3,5,6,7,8) (3,4,5,6,8) (3,5,6) (3,5,6,8) (0,3,4,5,6,8) (0,1,2,3,4,5,6,7) (2,3,5,7) (7,8) (0,1,2,3,5,6,8) (0,1,2,3,4,6) {58,48,52,97,48,84,109,20,75}
[###.##.#..] (0,4,5,6,7,8) (5,6,7) (0,1,7,8) (1,2,4,6,7,8) (2,3,4,5,6,8,9) (1,4,5) (0,1,2,4,7,8,9) (1,4,7,8,9) (0,2,3) (2,3,4,5,6,7,8,9) (0,1,3,8,9) {36,49,57,45,62,55,58,68,71,46}
[..##...] (4,6) (0,1,2,4,6) (0,1,3,5,6) (1,2) (1,4) (0,1,4,5) (0,2,3,4,6) (1,2,4) (0,1,2,3,5,6) {24,62,42,7,74,8,39}
[##.##] (0,2,4) (3) (2,4) (0,1,2,3) (0,1,3) (0,1) {31,19,26,22,13}
[..#.#..] (2,3,5) (0,3) (1,2,3,4,5) (0,2,3,5) (0,1,2,5,6) (0,1,2,4,6) (1,3,4,5,6) {19,27,40,41,23,42,16}
[########.] (0,3,4,5,6,7,8) (0,2,3,4,6,7,8) (1,2,5,6,8) (0,2,4,7,8) (4,6,7) (0,3,5,7,8) (3,4) (3,5,8) (0,1,6) {78,28,46,237,239,50,74,75,84}
[..#..] (0,3,4) (0,1,4) (3,4) (2,3,4) (1,2) {158,164,29,36,181}
[...#####..] (2,5) (1,4,8,9) (0,2,4,5,6,7,8,9) (0,2,3,4,5,7,8,9) (0,1,2,3,4,8,9) (2,3,4,6,7) (2,3,4,5,6,7,8,9) (0,2,4,5,6,7) {21,5,65,37,54,44,46,49,36,36}
[####.###] (0,7) (0,1,3,4,6,7) (1,3) (0,2,5,6,7) (0,1,2,5,6) (1,7) (2,7) {35,52,45,21,3,28,31,49}
[.#..#...#] (0,2,4,6,7,8) (2,5,8) (4,5,6,7,8) (0,1,2,3,6,7) (1,4,5,6) (0,3,5,6) (3,4,5,6,7,8) (0,1,4,6,7,8) (1,2,3,5,6,7,8) (5,6,8) {36,26,37,53,22,76,86,48,61}
[#.###] (1,3,4) (0,2,3,4) (2,3,4) {19,20,33,53,53}
[..##.####.] (1,3,6,8) (2,4,5,7,8,9) (0,1,2,4,9) (5) (0,1,3,4,5,8,9) (4,8,9) (0,2,3,4,5,7,8) (0,1,4,6,7,8,9) (2,3,4,5,6,8,9) (0,1,4,5,7) {30,25,33,39,63,49,16,22,62,49}
[..###] (0,3,4) (1,2,4) (3) (0,1,2,4) (1,4) (0,1,2) {48,46,39,26,43}
[#.#.] (0,3) (1,2) (1,3) (2,3) {4,18,17,39}
[....##..] (2) (1,3,4,5,6) (4,5) (0,1,4,6,7) (1,2,3,4,5,6) (0,2,3,5,6,7) (5,6) {4,32,32,32,34,52,52,4}
[###.##...] (1,2,3,4,5,6,8) (0,4,7) (0,1,2,6,7) (1,3,4,5,8) (0,2,3,4,7,8) (0,5,6,7,8) (1,7) (0,1,2,3,4,6,7,8) {170,45,152,140,158,30,60,170,155}
